1.42
2.6
1.19
2.6
2.75
2.3
0.881
0.752
4.05
2.7
7.7
2.63
1.08
3.05
2.77
2.75
6.7
4.7
1.5
2.4
0.35
2.45
0.65
2.36
0.72
1.36
0.72
0.13
2.89
3.78
0.24
4.5
2.7
1.28
0.96
2.7
3.0
1.85
2.9
9.8
2.5
1.85
0.88
0.85
8.51
8.81
5.1
2.1
2.3
2
2.2
1.8
1.6
0.88
8.64
4.3
1.55
2.8
1
3.51
0.9
0.7
7.2
1.4
1.53
1.34
1.32
1.4
1.4
2.85
1.5
6.77
2.5
0.6
0.35
7.1
5.21
8.1
2.2
1.6
1.35
8.8
0.9
1.35
0.8
1.5
2.2
8.89
1.65
8.79
0.22
0.55
4.0
0.08
1.6
3.1
3.25
2.8
2.8
1.2
1.6
1.15
4
1.8
3.3
1.3
1.5
0.02
2.7
2
2.6
3.2
7.45
5.9
1.2
1.9
1.3
5.32
2.6
2.21
0.025
1.3
2.69
19.29
2.7
2.5
1.35
2.3
1.0
5.1
3
0.917
7.2
4.95
22.5
1.85
2.6
11.35
0.86
1.35
2.75
1.2
0.53
3.4
1.74
5.0
3.8
7.43
2.7
1.15
0.05
10.2
2.9
8.9
61.14
0.72
3.5
2.2
22.48
12.0
0.9
0.9
0.85
1.3
8.8
1.82
8.65
1.1
1.35
0.80
21.5
0.54
1.17
1.2
1.2
1.35
0.91
0.96
1.35
1.2
1.4
0.92
1.1
1.03
2.29
0.03
1.76
2.4
2.75
0.86
0.19
1.41
2.25
5
2.65
5
8.8
8.8
1.07
21.4
12.3
2.2
0.32
1.07
1.2
1.1
0.92
0.070
1.52
1.5
2.25
3.98
4.4
2.6
2.2
2.1
3.16
2.33
10.5
2.9
0.1
2.7
0.98
2.05
9.1
1.65
0.95
1.5
2.65
7.82
2.6
.2.0
1.6
2.75
0.95
0.95
16.6
1.05
2.20
6.25
4.16
11.7
7.28
4.5
3.55
3.1
19.2
14.5
19.1
0.08
6.1
0.12
1.8
0.6
7.12